-5.225482 0 -5.933173
-5.904539 0 -5.792761
-6.415014 0 -4.467894
-6.164746 0 -3.82121
-5.871663 0 -3.063893
-4.491452 0 -2.839113
-3.686398 0 -2.732747
-2.681234 0 -2.599942
-1.248876 0 -3.701313
-0.3452447 0 -3.241485
0.1061483 0 -3.011786
0.4391008 0 -2.249084
0.4317493 0 -1.742662
0.4236574 0 -1.185232
0.05653217 0 -0.2985831
-0.4710336 0 -0.1183938
-1.454457 0 0.217493
-2.719539 0 -1.93779
-3.654467 0 -1.484082
-4.126333 0 -1.255092
-4.238727 0 -0.3031315
-4.107183 0 0.2045982
-4.006492 0 0.5932407
-3.54841 0 1.014882
-3.176593 0 1.16632
-2.683711 0 1.367067
-1.916918 0 0.9766791
-1.403318 0 1.116131
-0.878247 0 1.258697
0.05150637 0 1.539572
0.1346653 0 2.077261
0.2355688 0 2.729683
-0.6532538 0 3.585888
-1.291998 0 3.752746
-2.149292 0 3.976695
-3.32514 0 2.235688
-4.06199 0 2.727784
-4.448987 0 2.986235
-4.404451 0 3.907898
-4.122116 0 4.277831
-3.79885 0 4.701395
-2.920983 0 4.615163
-2.392073 0 4.679677
-1.866667 0 4.743763
-1.140021 0 4.839153
-0.6279255 0 4.705301
0.2306669 0 4.480882
1.071281 0 3.44228
1.930556 0 3.220488
2.554801 0 3.059361
3.435169 0 3.233547
4.079114 0 3.264842
4.955338 0 3.307425
6.24633 0 3.945904
6.994762 0 3.488266
7.527779 0 3.162346
8.075673 0 2.127824
7.799424 0 1.567451
7.492731 0 0.9453228
6.245257 0 0.8473844
5.563932 0 0.9773858
4.963481 0 1.091956
4.524077 0 2.071412
3.923686 0 2.186296
3.053025 0 2.352896
1.553827 0 2.175254
1.065892 0 1.435169
0.7613529 0 0.9732533
1.088413 0 0.1049397
1.337863 0 -0.3889074
1.579495 0 -0.8672766
2.12692 0 -1.404681
2.603659 0 -1.649513
3.114515 0 -1.911866
3.962122 0 -2.186888
4.491778 0 -1.964925
4.998397 0 -1.752616
5.030416 0 -0.6629999
5.543108 0 -0.4658086
5.993296 0 -0.2926577
6.824256 0 -0.4360051
7.110433 0 -0.8242743
7.340111 0 -1.135889
7.106297 0 -1.735271
7.012952 0 -2.11096
6.938505 0 -2.410589
6.84932 0 -2.870251
6.601364 0 -3.054201
6.177452 0 -3.368686
5.380875 0 -3.228111
4.854007 0 -3.259934
4.169406 0 -3.301284
3.238612 0 -3.12472
2.56786 0 -3.267828
1.668517 0 -3.459707
0.6782634 0 -4.399961
-0.2348104 0 -4.509191
-1.106668 0 -4.613491
-2.271867 0 -3.743505
-3.11505 0 -3.98857
-3.941762 0 -4.228848
-4.382395 0 -6.107502
