1,18638 0 -1,647937
0,5943431 0 -2,401799
2,120456 0 -4,299996
1,328447 0 -4,839939
-0,4561558 0 -6,056571
-5,360371 0 -4,07084
-5,249634 0 -1,913819
-5,139739 0 0,2267914
-0,5441725 0 -0,1881496
1,541457 0 0,3062603
3,18856 0 0,6967151
6,821357 0 -0,5190192
7,120969 0 1,147004
7,405875 0 2,731254
2,526323 0 2,138355
2,426291 0 3,744909
2,301337 0 5,751739
6,061348 0 6,760078
7,842807 0 7,692486
10,03651 0 8,840662
14,58456 0 12,64316
15,63853 0 10,40267
16,36681 0 8,854507
11,18688 0 9,104093
10,7612 0 7,446992
10,20379 0 5,277142
15,4183 0 3,01751
14,49164 0 0,977839
12,80876 0 -2,726364
3,699283 0 1,551835
