0 0 0
-0,3738024 0 1,859704
3,048715 0 3,879322
2,660438 0 5,736057
2,314627 0 7,389721
0,03397405 0 10,03384
-1,557597 0 9,467195
-4,084237 0 8,567636
-2,790232 0 3,318446
-3,003961 0 0,6449776
-3,133939 0 -0,9808739
-3,565269 0 -3,266358
-2,987919 0 -4,791794
-2,386119 0 -6,38183
-0,6988572 0 -8,163132
0,7517707 0 -9,04973
2,369796 0 -10,03864
5,010987 0 -10,27981
6,880778 0 -10,59577
8,361526 0 -10,84599
10,46027 0 -11,559
11,86734 0 -11,03424
13,31168 0 -10,49557
16,26137 0 -8,647501
15,4412 0 -7,342286
14,52891 0 -5,890471
11,69364 0 -9,499306
10,01655 0 -9,142371
6,037226 0 -8,295454
0,8017276 0 -3,988673
