-1,517891 0 -2,771144
-1,526132 0 -2,44789
-1,527271 0 -2,016697
-1,532043 0 -1,693373
-1,535724 0 -1,443967
-1,543118 0 -1,111462
-1,545665 0 -0,8620422
-1,548531 0 -0,5814043
-1,551144 0 -0,2071889
-1,549447 0 0,07345846
-1,54748 0 0,3988079
-1,53466 0 0,832491
-1,53195 0 1,157835
-1,528471 0 1,575469
-1,532858 0 2,132352
-1,531219 0 2,549998
-1,529832 0 2,903323
-1,522316 0 3,374397
-1,522594 0 3,727724
-1,522775 0 3,956964
-1,52808 0 4,262592
-1,529394 0 4,491829
-1,530725 0 4,723943
-1,532342 0 5,033437
-1,531381 0 5,265553
-1,530144 0 5,564259
-1,526591 0 5,962541
-1,520577 0 6,261189
-1,513739 0 6,600728
-1,509112 0 7,053819
-1,487276 0 7,392724
-1,468492 0 7,684256
-1,518706 0 8,099085
-1,390771 0 8,361718
-1,282722 0 8,583529
-1,022448 0 8,830993
-0,7966208 0 8,930375
-0,4296897 0 9,091856
0,1362297 0 9,002136
0,5368047 0 9,018076
0,8491799 0 9,030505
1,266159 0 9,033656
1,578779 0 9,032522
1,903224 0 9,031345
2,335638 0 9,015804
2,660027 0 9,009686
3,00121 0 9,003251
3,456439 0 9,005919
3,797348 0 8,990805
4,027742 0 8,98059
4,34326 0 9,001978
4,56409 0 8,935494
4,814393 0 8,860138
5,188058 0 8,731642
5,323328 0 8,507963
5,499755 0 8,216228
5,493214 0 7,684681
5,357264 0 7,372026
5,265963 0 7,162054
5,007256 0 6,918267
4,783782 0 6,86843
4,393191 0 6,781325
3,882781 0 7,114902
3,502435 0 7,23934
3,045605 0 7,388801
2,472724 0 7,716163
1,997719 0 7,789663
1,428614 0 7,877723
0,5843887 0 7,983826
0,07995021 0 7,706019
-0,150672 0 7,579009
-0,3255455 0 7,230819
-0,4210646 0 6,985474
-0,5418807 0 6,675153
-0,5496299 0 6,217894
-0,5704181 0 5,885533
-0,6058618 0 5,318861
-0,5758521 0 4,560285
-0,5514423 0 3,993031
-0,5063558 0 2,945273
-0,8330742 0 1,402136
-0,2860782 0 0,5073593
-0,1510943 0 0,2865525
0,2016098 0 0,1307858
0,4496419 0 0,05691814
0,8082923 0 -0,04989336
1,322291 0 0,01634926
1,69649 0 0,02009118
2,224661 0 0,02537279
2,945558 0 -0,03229026
3,454988 0 0,1072546
3,726467 0 0,181619
4,130507 0 0,3095307
4,284959 0 0,5448505
4,42219 0 0,7539336
4,428967 0 1,139364
4,348304 0 1,376095
4,272464 0 1,59867
3,985071 0 1,787413
3,823944 0 1,958672
3,645951 0 2,147858
3,399329 0 2,391172
3,216859 0 2,576045
2,990085 0 2,805805
2,692755 0 3,117303
2,459522 0 3,340503
2,240714 0 3,549899
1,930313 0 3,809079
1,711818 0 4,018802
1,496115 0 4,225846
1,200517 0 4,496423
1,012519 0 4,728913
0,8574945 0 4,920625
0,617583 0 5,175459
0,5606015 0 5,415333
0,5023638 0 5,660494
0,5182235 0 6,039751
0,6576377 0 6,249655
0,8071743 0 6,474799
1,17389 0 6,659618
1,442146 0 6,692627
1,885091 0 6,74713
2,454021 0 6,441724
2,876203 0 6,297043
3,183311 0 6,191798
3,579255 0 6,01476
3,876605 0 5,884474
4,124278 0 5,775954
4,468956 0 5,654591
4,694094 0 5,504821
4,872168 0 5,38636
5,117458 0 5,211685
5,220926 0 5,024501
5,368966 0 4,75668
5,372734 0 4,32526
5,401908 0 4,020641
5,430962 0 3,717282
5,411327 0 3,309626
5,414701 0 3,004898
5,417999 0 2,706997
5,420249 0 2,309773
5,42418 0 2,01188
5,433155 0 1,331627
5,457129 0 0,4247861
5,462368 0 -0,255506
5,466991 0 -0,855791
5,457353 0 -1,656214
5,45949 0 -2,256513
5,462128 0 -2,997653
5,484526 0 -3,98577
5,480631 0 -4,726905
5,476694 0 -5,475898
5,466653 0 -6,47488
5,433023 0 -7,223128
5,407992 0 -7,780037
5,532008 0 -8,569068
5,301643 0 -9,076715
5,172416 0 -9,361489
4,84982 0 -9,682117
4,567619 0 -9,816868
4,150256 0 -10,01616
3,495638 0 -9,946984
3,033865 0 -9,97295
2,638729 0 -9,995169
2,1105 0 -9,988831
1,714742 0 -9,987362
1,274538 0 -9,985728
0,6830137 0 -10,02544
0,2476316 0 -9,96044
-0,2572272 0 -9,885069
-1,069329 0 -9,891751
-1,388533 0 -9,493415
-1,690276 0 -9,116867
-1,705832 0 -8,315376
-1,482357 0 -7,887713
-1,361965 0 -7,65732
-1,001722 0 -7,463949
-0,7433581 0 -7,435256
-0,4287243 0 -7,400313
-0,03738016 0 -7,655351
0,255554 0 -7,775372
0,5421755 0 -7,892807
0,9057505 0 -8,090981
1,185461 0 -8,22404
1,519265 0 -8,382832
1,94239 0 -8,657721
2,301046 0 -8,747198
2,613493 0 -8,825148
3,059608 0 -8,875026
3,373092 0 -8,801353
3,669833 0 -8,731616
4,089817 0 -8,557132
4,258822 0 -8,303447
4,572881 0 -7,832029
4,449536 0 -6,993816
4,478637 0 -6,428112
4,496683 0 -6,077316
4,459476 0 -5,608607
4,462379 0 -5,25736
4,464473 0 -5,003996
4,480447 0 -4,666434
4,488062 0 -4,413176
4,496863 0 -4,120448
4,520384 0 -3,730246
4,517051 0 -3,437404
4,51367 0 -3,140347
4,523986 0 -2,739699
4,465126 0 -2,448512
4,399559 0 -2,124145
4,314776 0 -1,654358
4,090567 0 -1,410959
3,950808 0 -1,259238
3,663415 0 -1,182114
3,46512 0 -1,125271
3,213171 0 -1,053048
2,860291 0 -1,030257
2,598823 0 -1,012128
2,314117 0 -0,9923875
1,932948 0 -1,002925
1,647561 0 -1,003965
1,303715 0 -1,005218
0,8401768 0 -0,9624958
0,5015433 0 -1,022155
0,3160656 0 -1,054832
0,05592982 0 -1,110454
-0,09177041 0 -1,227306
-0,2264837 0 -1,333883
-0,3597204 0 -1,543512
-0,3983712 0 -1,710881
-0,439556 0 -1,889224
-0,406198 0 -2,150501
-0,3306887 0 -2,317237
-0,2347438 0 -2,529097
0,03080361 0 -2,72211
0,1916549 0 -2,890089
0,3475045 0 -3,052845
0,5649595 0 -3,260368
0,7242414 0 -3,419767
0,9133774 0 -3,609042
1,165438 0 -3,86154
1,352733 0 -4,052637
1,637867 0 -4,343559
2,012899 0 -4,736464
2,296783 0 -5,028606
2,569609 0 -5,309369
2,993294 0 -5,635266
3,20834 0 -5,962401
3,33805 0 -6,159721
3,514676 0 -6,454475
3,507386 0 -6,690498
3,500546 0 -6,911929
3,340644 0 -7,197113
3,185204 0 -7,354964
3,046242 0 -7,496081
2,793154 0 -7,636999
2,595679 0 -7,652098
2,317169 0 -7,673393
1,969018 0 -7,469345
1,710194 0 -7,364312
1,23646 0 -7,172068
0,6242681 0 -6,86694
0,1807201 0 -6,612683
-0,2477963 0 -6,367043
-0,9243976 0 -6,119323
-1,192614 0 -5,704564
-1,475282 0 -5,267457
-1,419856 0 -4,509967
-1,471661 0 -3,992009
-1,508137 0 -3,627306
-1,50855 0 -3,137547
