-1,628203 0 3,758222
-1,626493 0 5,007966
-1,625049 0 6,674292
-1,621827 0 7,924032
-1,620223 0 8,546171
-1,616424 0 9,375685
-1,614308 0 9,997823
-1,613292 0 10,29644
-1,619436 0 10,69471
-1,611146 0 10,99322
-1,606197 0 11,17143
-1,611479 0 11,41119
-1,580049 0 11,58668
-1,547179 0 11,77021
-1,501587 0 12,02697
-1,395144 0 12,18005
-1,306344 0 12,30776
-1,125428 0 12,43051
-0,9848119 0 12,49701
-0,8735198 0 12,54964
-0,7070653 0 12,57398
-0,5848608 0 12,58888
-0,4107834 0 12,61011
-0,1747315 0 12,61769
-0,0003872514 0 12,59878
0,1850358 0 12,57866
0,4498989 0 12,55951
0,6045069 0 12,45519
0,7542914 0 12,35412
0,898068 0 12,13602
0,9528586 0 11,96384
1,017085 0 11,762
1,005137 0 11,46296
0,952459 0 11,25781
0,9063128 0 11,07809
0,7863487 0 10,84651
0,6547913 0 10,71567
0,5133404 0 10,57499
0,2086079 0 10,54242
0,07014406 0 10,3988
-0,122406 0 10,19908
-0,2753287 0 9,839879
-0,3404779 0 9,570211
-0,4536654 0 9,101702
-0,3587094 0 8,44571
-0,3629709 0 7,963741
-0,3696013 0 7,213842
-0,373423 0 6,213924
-0,3721762 0 5,463997
-0,3704739 0 4,44008
-0,3548038 0 3,074916
-0,3482589 0 2,051019
-0,3443141 0 1,433884
-0,3380035 0 0,6110406
-0,3363758 0 -0,006104562
-0,334788 0 -0,608107
-0,3325567 0 -1,410801
-0,3373823 0 -2,012786
-0,3397942 0 -2,313677
-0,3519297 0 -2,714767
-0,3529586 0 -3,015666
-0,3540649 0 -3,339184
-0,3849224 0 -3,773156
-0,343586 0 -4,094024
-0,3198209 0 -4,278498
-0,2864403 0 -4,535075
-0,1916689 0 -4,695117
-0,1178486 0 -4,819779
0,03007567 0 -4,964072
0,1619917 0 -5,023973
0,3231992 0 -5,097175
0,5722866 0 -5,074035
0,749002 0 -5,0849
0,9195516 0 -5,095386
1,147602 0 -5,094472
1,318467 0 -5,095946
1,524414 0 -5,097722
1,799091 0 -5,099599
2,004982 0 -5,094474
2,263564 0 -5,088037
2,608769 0 -5,078521
2,86621 0 -5,053417
3,03089 0 -5,037359
3,259542 0 -5,037489
3,411816 0 -4,972758
3,535957 0 -4,919986
3,694499 0 -4,811321
3,767818 0 -4,698094
3,871157 0 -4,538507
3,894234 0 -4,270761
3,915766 0 -4,081861
3,9516 0 -3,767499
3,907082 0 -3,343638
3,906666 0 -3,02724
3,906263 0 -2,720862
3,910262 0 -2,312366
3,912792 0 -2,005999
3,915893 0 -1,63055
3,925648 0 -1,129991
3,925958 0 -0,75453
3,926393 0 -0,2274662
3,911254 0 0,4752176
3,910377 0 1,002281
3,909376 0 1,603833
3,922949 0 2,405876
3,921488 0 3,007427
3,920031 0 3,607423
3,904907 0 4,40733
3,900694 0 5,007313
3,896442 0 5,612744
3,892953 0 6,420008
3,893334 0 7,025454
3,893518 0 7,318763
3,901077 0 7,709844
3,898129 0 8,003138
3,895065 0 8,30801
3,886488 0 8,714537
3,87272 0 9,019114
3,859418 0 9,313377
3,918492 0 9,725598
3,808607 0 9,998899
3,72363 0 10,21025
3,495734 0 10,43522
3,31989 0 10,58003
3,175865 0 10,69864
2,91513 0 10,75731
2,775979 0 10,8816
2,649119 0 10,99491
2,48661 0 11,17798
2,447017 0 11,3434
2,395651 0 11,55801
2,45672 0 11,87389
2,5563 0 12,07082
2,626397 0 12,20944
2,790502 0 12,35537
2,923102 0 12,43629
3,074876 0 12,52891
3,311076 0 12,59339
3,487117 0 12,61835
3,678996 0 12,64555
3,940691 0 12,62409
4,132807 0 12,59861
4,298466 0 12,57664
4,53061 0 12,55445
4,674772 0 12,46993
4,825714 0 12,38144
4,996429 0 12,19955
5,0695 0 12,04057
5,201994 0 11,7523
5,176808 0 11,3072
5,194259 0 10,99042
5,217379 0 10,57074
5,18541 0 10,00972
5,182796 0 9,589418
5,179682 0 9,08874
5,175144 0 8,421161
5,17569 0 7,920473
5,177306 0 6,438942
5,205793 0 4,463667
5,207489 0 2,982136
5,209355 0 1,352601
5,180152 0 -0,8200759
5,184951 0 -2,449605
5,186899 0 -3,11117
5,215092 0 -3,993201
5,207088 0 -4,654721
5,201997 0 -5,075436
5,272378 0 -5,651181
5,15908 0 -6,056385
5,08492 0 -6,321614
4,923441 0 -6,682955
4,710086 0 -6,857097
4,559857 0 -6,979715
4,285339 0 -7,020145
4,09438 0 -7,053884
3,921824 0 -7,084371
3,685961 0 -7,074289
3,510762 0 -7,077473
3,357513 0 -7,080258
3,153126 0 -7,075468
2,999851 0 -7,0754
2,635087 0 -7,075237
2,148741 0 -7,078775
1,783978 0 -7,07925
1,458197 0 -7,079673
1,023751 0 -7,085399
0,6980393 0 -7,078635
0,4999166 0 -7,074521
0,2359443 0 -7,061793
0,03804177 0 -7,051587
-0,146649 0 -7,042063
-0,3945048 0 -7,041885
-0,5772243 0 -7,013338
-0,7699654 0 -6,983225
-1,047288 0 -6,964934
-1,207613 0 -6,853796
-1,378816 0 -6,735116
-1,533236 0 -6,479372
-1,603336 0 -6,283205
-1,665312 0 -6,109774
-1,644849 0 -5,855279
-1,652424 0 -5,671263
-1,673071 0 -5,169671
-1,65707 0 -4,499893
-1,656162 0 -3,997876
-1,653989 0 -2,796081
-1,636966 0 -1,193745
-1,632726 0 0,008044564
-1,628757 0 1,133092
-1,629743 0 2,633169
