0 0 0
-1,63477 0 -0,1689384
0,1999341 0 4,616375
-1,282428 0 5,326033
-2,686681 0 5,998296
-5,137006 0 4,420946
-5,974334 0 3,108411
-6,83501 0 1,759279
-7,592603 0 -1,997351
-6,008701 0 -2,225771
-4,396713 0 -2,458241
-4,414897 0 1,365692
-4,508355 0 2,991673
-4,604867 0 4,670808
-7,181528 0 6,566079
-6,664885 0 8,16667
-6,13001 0 9,823747
-2,812133 0 9,850736
-1,72124 0 11,20792
-0,7807079 0 12,37804
1,053523 0 14,94637
-0,07690993 0 15,93424
-1,259214 0 16,96745
-4,939301 0 15,12572
-4,7451 0 13,56763
-4,550307 0 12,00479
-0,5883923 0 13,66036
0,3767639 0 12,41581
2,660425 0 9,471091
3,706719 0 0,3830552
