-1,554672 0 3,756971
-1,556508 0 5,01183
-1,553863 0 6,68498
-1,556322 0 7,939838
-1,558119 0 8,856345
-1,583599 0 10,07849
-1,567093 0 10,99485
-1,564048 0 11,1639
-1,572141 0 11,39114
-1,544811 0 11,558
-1,51533 0 11,73799
-1,47388 0 11,98894
-1,373786 0 12,1414
-1,29064 0 12,26806
-1,11875 0 12,39215
-0,985615 0 12,46446
-0,8749921 0 12,52455
-0,7093048 0 12,56987
-0,5848608 0 12,58888
-0,4096802 0 12,61563
-0,1692131 0 12,61766
0,005843699 0 12,59011
0,1857962 0 12,56178
0,4331198 0 12,50546
0,5833246 0 12,40238
0,7204808 0 12,30827
0,8729393 0 12,12717
0,9329561 0 11,97204
1,012152 0 11,76732
1,032627 0 11,45301
0,9738913 0 11,24151
0,9262965 0 11,07013
0,7687162 0 10,87441
0,6402209 0 10,75143
0,4949445 0 10,61238
0,2134726 0 10,53986
0,07014406 0 10,3988
-0,07436165 0 10,25659
-0,2296435 0 10,02188
-0,294517 0 9,829795
-0,3742662 0 9,593658
-0,3518699 0 9,25078
-0,3621209 0 9,001751
-0,3749286 0 8,690611
-0,3618568 0 8,275142
-0,3629709 0 7,963741
-0,3640026 0 7,675347
-0,3678563 0 7,290834
-0,3690618 0 7,00244
-0,3709911 0 6,540911
-0,3801563 0 5,925462
-0,3721762 0 5,463997
-0,3671615 0 5,17401
-0,3864286 0 4,783628
-0,3367937 0 4,497876
-0,3118308 0 4,354164
-0,2581168 0 4,163268
-0,1896925 0 4,034448
-0,1218569 0 3,906736
-0,009387888 0 3,738945
0,109329 0 3,656373
0,2607225 0 3,551073
0,5119838 0 3,49615
0,6940157 0 3,466611
1,019985 0 3,413716
1,464526 0 3,457415
1,794759 0 3,457906
2,107584 0 3,45837
2,529425 0 3,414652
2,837449 0 3,469251
3,032959 0 3,503907
3,29446 0 3,582503
3,461424 0 3,689967
3,570934 0 3,760451
3,698028 0 3,889472
3,76269 0 4,002517
3,837977 0 4,134135
3,87767 0 4,339162
3,89855 0 4,489347
3,919948 0 4,643258
3,900656 0 4,851922
3,900694 0 5,007313
3,900843 0 5,612759
3,892953 0 6,420008
3,893334 0 7,025454
3,893518 0 7,318763
3,89824 0 7,709829
3,898129 0 8,003138
3,898013 0 8,307659
3,906212 0 8,713986
3,89238 0 9,018193
3,878967 0 9,313171
3,921477 0 9,72604
3,808607 0 9,998899
3,721534 0 10,2094
3,495734 0 10,43522
3,31989 0 10,58003
3,175865 0 10,69864
2,91513 0 10,75731
2,775979 0 10,8816
2,649119 0 10,99491
2,48661 0 11,17798
2,447017 0 11,3434
2,395651 0 11,55801
2,45672 0 11,87389
2,5563 0 12,07082
2,626397 0 12,20944
2,790502 0 12,35537
2,923102 0 12,43629
3,074876 0 12,52891
3,311076 0 12,59339
3,487117 0 12,61835
3,678996 0 12,64555
3,940691 0 12,62409
4,132807 0 12,59861
4,298466 0 12,57664
4,534089 0 12,56012
4,674772 0 12,46993
4,822701 0 12,3751
4,969881 0 12,17152
5,035625 0 12,00857
5,150179 0 11,72464
5,122784 0 11,29907
5,14076 0 10,99343
5,165917 0 10,56571
5,158072 0 9,993814
5,161179 0 9,56536
5,164801 0 9,065839
5,161932 0 8,399779
5,16152 0 7,900245
5,160303 0 6,422124
5,153085 0 4,451302
5,152396 0 2,97318
5,151635 0 1,341975
5,145135 0 -0,8330094
5,157391 0 -2,464169
5,162335 0 -3,122129
5,208657 0 -3,999549
5,188334 0 -4,657215
5,175267 0 -5,080043
5,212948 0 -5,661194
5,081419 0 -6,063257
5,014928 0 -6,266507
4,871616 0 -6,534587
4,70493 0 -6,668554
4,550561 0 -6,792622
4,277549 0 -6,854238
4,082485 0 -6,888479
3,906394 0 -6,919389
3,662259 0 -6,926252
3,48656 0 -6,893186
3,25333 0 -6,849293
2,918547 0 -6,768769
2,751892 0 -6,599804
2,578041 0 -6,423545
2,474619 0 -6,07618
2,456419 0 -5,829278
2,444771 0 -5,671254
2,485379 0 -5,446934
2,571175 0 -5,313719
2,702419 0 -5,109938
3,028839 0 -4,98098
3,216592 0 -4,827682
3,365477 0 -4,70612
3,604702 0 -4,572132
3,696589 0 -4,40331
3,895786 0 -4,037333
3,87221 0 -3,445445
3,904237 0 -3,030002
3,942963 0 -2,527664
3,910522 0 -1,854415
3,910642 0 -1,350587
3,91077 0 -0,8108023
3,925893 0 -0,09068024
3,904632 0 0,4486858
3,892064 0 0,7675411
3,91938 0 1,20468
3,824449 0 1,509336
3,77754 0 1,65988
3,666804 0 1,847799
3,559336 0 1,963189
3,474011 0 2,054805
3,331479 0 2,153228
3,214848 0 2,198737
3,104328 0 2,241863
2,94163 0 2,244585
2,823508 0 2,255611
2,661917 0 2,270696
2,445273 0 2,275473
2,283003 0 2,278239
1,958697 0 2,283767
1,52616 0 2,275615
1,201858 0 2,269859
1,049828 0 2,267161
0,8463795 0 2,272143
0,6952062 0 2,255801
0,5823797 0 2,243604
0,4265781 0 2,232856
0,3235654 0 2,185243
0,1684979 0 2,113571
-0,02471877 0 1,969855
-0,1198229 0 1,827947
-0,2253957 0 1,670417
-0,270523 0 1,409325
-0,299578 0 1,22193
-0,3579384 0 0,8455245
-0,3195866 0 0,3333668
-0,3240724 0 -0,04750964
-0,3275058 0 -0,3390401
-0,3278922 0 -0,7277858
-0,3282131 0 -1,019336
-0,3286213 0 -1,390258
-0,3222687 0 -1,884834
-0,3256666 0 -2,255741
-0,3280783 0 -2,518997
-0,3458294 0 -2,869858
-0,3435512 0 -3,133115
-0,3415326 0 -3,366385
-0,3656699 0 -3,682619
-0,3142516 0 -3,910161
-0,2693477 0 -4,108875
-0,1760696 0 -4,377391
-0,0455634 0 -4,533826
0,06264312 0 -4,66353
0,2837524 0 -4,750403
0,4232247 0 -4,845689
0,5573148 0 -4,937297
0,7720218 0 -5,024378
0,8663929 0 -5,156538
0,9869457 0 -5,325365
1,058433 0 -5,613449
1,058218 0 -5,820898
1,058044 0 -5,988313
0,9885585 0 -6,213241
0,9023007 0 -6,356723
0,8289416 0 -6,47875
0,6832857 0 -6,612939
0,5620427 0 -6,687586
0,4231862 0 -6,773078
0,2090426 0 -6,837873
0,04823798 0 -6,864925
-0,1377579 0 -6,896216
-0,3949195 0 -6,899439
-0,5804605 0 -6,865555
-0,7695053 0 -6,83103
-1,029396 0 -6,758588
-1,179456 0 -6,638537
-1,320979 0 -6,525316
-1,454277 0 -6,306074
-1,512335 0 -6,134383
-1,597943 0 -5,881217
-1,564178 0 -5,512737
-1,573396 0 -5,245647
-1,586396 0 -4,868966
-1,575718 0 -4,366198
-1,573897 0 -3,989297
-1,571398 0 -3,472046
-1,560445 0 -2,782437
-1,55655 0 -2,265194
-1,551414 0 -1,583296
-1,546025 0 -0,6740804
-1,545183 0 0,007836852
-1,543794 0 1,13258
-1,553027 0 2,632228
